1177263873:5,4,0 5,3,0 5,2,0 2,2,1 3,2,1 4,2,1 
-1130392224:3,0,0 4,1,1 5,1,1 4,0,0 
183619426:4,4,1 5,3,1 7,4,0 7,3,0 7,2,0 6,2,1 
-1008687515:6,0,0 7,1,0 6,0,0 6,1,1 8,0,0 
-1195213377:8,3,0 7,4,1 12,2,1 9,2,1 12,3,0 11,2,0 10,2,1 11,4,1 
1436248386:4,5,0 3,4,0 3,3,0 3,3,1 4,2,1 4,7,1 4,3,1 
-1211948115:2,2,0 3,3,1 3,7,1 3,5,0 4,1,1 5,4,1 5,1,0 5,5,0 4,6,1 6,4,1 
-742287227:0,3,1 2,0,0 2,3,0 2,2,0 3,2,1 7,2,1 
1416064315:1,8,0 3,2,0 3,2,1 3,2,0 3,7,0 3,10,1 4,2,0 3,2,1 4,8,0 7,1,0 7,2,0 7,8,0 7,7,0 8,5,1 8,3,0 8,4,1 9,6,1 10,4,1 11,6,0 11,6,0 
487080299:3,2,1 3,3,0 5,0,1 5,4,0 5,3,0 5,5,1 7,5,0 8,1,1 8,4,0 8,5,1 
1262817252:1,4,1 2,2,0 6,2,0 6,5,1 5,3,1 6,3,0 6,5,1 7,1,0 
322817281:9,7,1 19,7,1 21,1,1 21,1,1 10,0,0 10,1,0 10,2,0 11,4,1 13,1,1 19,1,1 21,4,1 11,3,0 11,4,0 11,5,0 11,6,0 11,7,0 11,7,1 17,4,1 17,7,1 21,4,1 21,7,1 
1088693289:0,1,1 4,1,0 3,2,1 
1815689722:2,2,1 2,3,0 2,7,0 1,6,1 2,8,0 1,9,1 4,1,1 4,4,0 4,6,1 4,10,1 
-805411532:2,0,1 4,0,1 6,4,1 2,2,1 5,6,1 2,10,1 6,4,1 7,8,1 7,8,1 8,2,1 9,4,1 10,8,1 7,10,1 7,12,1 10,6,1 
-617809474:5,0,0 4,1,1 3,2,1 4,1,1 
-157782460:1,3,1 2,4,0 1,4,1 4,0,0 4,3,1 
187133208:1,0,1 3,2,0 5,2,0 4,1,1 5,2,0 4,2,1 
-983038102:2,0,0 3,1,1 4,1,1 4,1,1 4,2,1 
-1469294558:1,3,1 2,0,0 3,5,1 3,1,0 
-1559902146:2,2,0 0,1,0 3,2,1 3,0,1 2,1,1 
1996493860:2,0,0 2,3,0 3,4,1 4,2,0 3,2,1 
1186074427:0,1,1 4,1,1 4,3,1 5,0,0 4,1,1 
132314667:0,2,1 2,0,1 3,4,1 3,4,0 3,3,1 3,0,0 4,2,1 
884605960:1,2,0 2,3,0 3,2,1 3,4,0 4,1,1 3,0,0 
-1554412026:1,1,0 3,0,1 3,3,0 3,3,1 4,1,0 
-1699259719:8,1,0 8,3,0 8,2,0 7,3,0 8,3,0 7,1,1 8,1,0 
1972959299:8,2,0 5,5,0 7,5,1 8,8,0 9,2,0 9,8,0 10,8,0 7,4,0 8,4,0 11,8,0 8,5,1 9,6,0 10,2,0 11,2,0 
-1400549352:5,2,0 8,3,0 11,3,0 9,2,0 6,3,0 4,3,0 11,2,0 
1199404064:2,0,0 1,1,0 2,2,0 2,4,1 2,2,1 
-1462249151:1,0,0 1,2,0 3,0,1 3,2,1 4,2,0 
-104725055:0,2,0 2,2,1 4,3,0 2,4,0 3,3,1 4,4,0 4,1,0 
1080244189:0,2,1 2,0,0 4,2,0 4,0,1 
357431461:0,0,1 2,1,1 2,2,1 3,1,1 4,1,1 
470863441:1,0,0 2,1,0 2,3,0 1,3,1 5,3,0 
751761180:0,1,1 2,2,0 3,3,0 4,3,1 
956658072:1,0,0 1,1,1 4,0,0 4,2,0 4,1,0 3,2,1 4,3,0 4,2,1 
-589145356:3,0,0 3,3,0 2,2,0 3,1,0 
887119106:2,0,0 1,1,0 2,3,0 2,4,1 2,5,1 3,2,0 1,2,1 3,1,1 
1203774430:4,1,0 4,0,0 3,1,1 4,2,0 4,1,1 
-1310462842:2,3,1 3,0,0 3,1,0 4,1,1 4,1,1 
792894996:2,0,0 2,3,0 3,0,0 4,3,1 5,0,0 4,2,1 4,2,0 
-379204710:0,3,0 2,2,0 3,0,0 4,3,1 2,2,1 4,5,1 
1166004986:1,1,1 3,2,1 4,1,1 
-651143584:0,5,1 1,3,1 2,0,1 3,2,0 
-1134470791:2,2,1 2,5,1 3,1,1 3,0,0 4,2,0 2,3,0 2,4,0 
-847343672:3,0,0 5,2,0 
1678332182:0,4,1 1,0,1 3,3,0 3,1,1 4,1,0 4,2,1 
1193241980:0,1,1 2,1,1 2,0,0 2,2,1 4,3,1 4,1,1 
-1344009364:4,3,0 3,1,1 3,2,0 2,1,1 3,2,1 
-1404125952:0,1,1 1,1,1 3,3,1 4,2,0 
-1492283805:2,3,0 2,2,0 3,2,0 3,3,1 
1264551416:0,2,1 3,1,1 2,2,1 3,1,1 3,4,0 
2128590720:2,0,0 2,1,0 4,4,0 
1576691557:1,2,0 0,2,1 4,0,1 3,2,1 5,4,0 
-208500825:0,2,1 2,0,0 3,3,0 3,2,0 4,2,1 5,0,0 
-841202522:1,1,1 2,2,0 3,2,0 
897986841:2,1,1 3,4,1 4,2,1 4,3,0 4,4,1 
242169186:0,2,1 2,0,1 4,2,0 5,0,0 2,0,1 
943070205:1,2,1 2,3,1 3,2,0 
2080952580:0,4,0 2,0,0 2,2,0 3,1,0 3,4,0 2,3,1 
-1508520127:1,2,1 2,0,0 4,2,0 4,2,1 
1205784481:1,3,0 3,2,0 4,1,1 3,2,1 5,1,0 
-134290122:0,2,1 2,0,0 3,4,0 2,4,1 4,3,1 4,5,1 5,2,0 
-665130025:4,0,0 3,2,1 
-433081952:1,1,0 1,0,0 3,0,1 3,3,1 
-1514798657:0,3,1 1,1,0 3,0,0 2,0,0 
-1433133235:1,1,1 2,3,0 2,2,0 
-495884934:1,1,1 3,1,1 3,1,1 4,2,0 4,0,0 
2117852523:3,1,1 4,0,0 4,2,0 3,2,1 4,1,0 
-1355323778:1,3,0 3,3,0 4,1,1 4,5,1 5,0,0 5,2,0 
-356858239:2,0,0 2,2,0 2,4,0 0,3,0 2,3,1 3,1,0 
1968662337:0,0,0 2,1,0 3,2,0 2,3,1 
261971840:1,2,1 2,3,0 2,3,1 3,1,0 4,0,0 
341414206:0,1,1 1,0,1 2,1,0 3,2,0 
826116935:1,1,1 1,2,1 2,2,1 3,2,1 4,3,1 
-521022841:2,3,1 2,1,1 4,0,0 2,1,1 5,2,0 
-1289991202:1,1,1 2,2,0 1,2,1 2,0,1 3,2,1 
1078601226:0,4,1 1,1,1 2,2,0 2,5,1 
-1276743925:0,1,1 0,3,1 2,3,1 2,4,0 3,0,0 3,4,1 
-1323198851:1,1,1 3,0,0 4,2,1 3,3,1 5,1,0 
-68469074:0,0,0 1,1,0 3,2,0 3,4,1 3,5,1 4,4,0 3,3,1 
-656859005:2,2,1 2,4,0 2,2,1 3,2,1 
1139372349:1,3,0 1,3,1 1,0,1 2,2,1 
-1094699382:1,0,0 1,2,0 2,1,1 2,4,0 3,2,1 4,3,0 
-765748542:5,0,0 4,3,1 3,2,0 3,2,1 4,1,1 
2063361991:0,1,0 5,2,0 4,2,1 4,1,1 5,0,0 
819079391:3,1,1 4,1,1 5,0,0 
-656905308:2,0,0 2,2,1 2,1,1 
-1380523264:1,2,1 2,0,0 3,0,0 2,2,1 3,2,1 
-1586399072:0,0,1 0,1,1 2,3,0 2,2,0 4,1,0 
1235548860:3,0,0 1,1,0 0,2,1 4,3,0 3,3,1 
225215610:0,4,0 2,3,1 2,1,0 2,4,1 
1235259677:0,1,1 1,3,0 2,3,0 2,2,1 3,0,0 3,1,1 
-1224272255:0,0,0 1,2,0 3,0,0 4,0,1 4,2,1 
270492705:1,0,1 1,2,1 4,2,1 3,2,1 5,0,0 
768324995:0,0,1 1,1,1 3,4,0 3,4,1 4,2,1 
961658307:0,1,1 2,0,1 3,2,0 1,3,1 
1111429699:0,4,1 1,2,1 3,1,1 3,1,1 
136398655:2,0,1 3,1,0 4,0,0 
1034292030:3,2,1 3,0,0 3,1,0 3,2,0 3,2,0 
1963809349:1,0,0 1,1,0 3,1,0 4,1,1 4,3,1 
1746325928:2,2,0 0,2,1 2,0,1 4,0,1 
-772000489:1,3,0 2,1,1 3,2,1 3,2,1 4,1,0 
-1377660439:1,0,0 2,2,1 3,0,0 3,2,1 3,1,1 
-36719644:2,0,1 2,2,0 3,1,0 4,1,1 4,2,1 
398032364:2,2,0 2,0,1 4,2,1 4,1,1 4,1,1 
-1585631548:0,4,1 0,0,0 1,3,1 2,0,1 2,3,1 3,2,0 
877365038:2,0,0 0,2,1 1,1,0 3,2,1 4,4,1 5,0,0 4,3,1 
309494535:1,4,1 3,0,0 2,1,0 2,4,1 3,2,0 
919024545:1,3,1 1,2,1 
-1412847910:3,1,1 4,1,1 5,0,0 
90447007:0,3,1 1,2,1 2,1,0 3,1,1 3,2,1 
-1484004396:0,0,1 3,2,1 4,0,0 4,4,0 3,4,1 4,2,0 4,3,0 
1820631303:0,2,1 2,1,1 4,2,1 
-1581940988:1,1,0 1,4,1 3,2,0 3,0,0 
-1729285858:0,3,0 0,1,1 1,2,0 3,4,0 
-1545726393:2,3,1 3,0,0 3,2,0 4,2,1 
-1692480734:3,2,1 4,2,1 3,1,0 4,2,1 
-610119426:0,0,1 1,3,1 3,2,0 2,1,0 
104047834:1,1,1 1,1,1 1,3,0 3,2,1 4,2,0 
2020211435:0,3,0 4,3,0 3,3,1 3,0,1 3,3,1 3,2,0 4,0,0 
-319558437:0,3,1 1,0,0 2,4,1 3,4,0 3,1,0 4,1,1 
11551105:0,0,0 2,1,0 4,3,0 4,3,0 3,3,1 4,2,0 
1114529506:1,3,1 2,0,0 3,3,1 3,1,1 
-245608187:2,0,0 2,1,1 2,5,1 3,2,0 4,4,0 
900936456:0,0,0 1,4,0 2,1,1 3,4,0 3,1,0 
-665522245:1,2,1 3,1,1 4,2,0 
-356105240:0,3,1 1,0,0 3,0,0 4,3,1 4,1,1 
-1234258683:2,0,0 2,1,0 2,2,0 5,3,0 4,2,1 
967425128:0,4,1 1,2,1 4,3,0 5,0,0 5,1,0 
-1551330079:2,3,0 2,0,1 3,3,1 3,1,1 
-1458617475:0,1,1 1,2,0 2,2,0 2,0,1 3,0,1 
1287163194:1,2,0 2,1,1 4,0,0 4,2,0 4,1,1 
1165027713:4,0,0 3,1,0 4,3,0 1,5,1 2,4,1 3,4,1 
202847933:0,1,1 1,0,0 3,2,1 4,3,0 5,2,0 
2108421709:0,3,1 2,0,0 2,5,1 3,1,0 2,3,1 3,2,1 
-573109763:4,1,1 4,1,0 3,3,1 2,2,1 
701532097:3,0,0 4,3,1 4,2,0 4,3,1 
317646124:0,3,1 1,5,1 3,0,1 2,1,1 3,3,1 
-751437598:3,0,0 3,2,0 4,1,0 
1388361321:0,2,1 1,0,0 2,4,1 3,1,0 
1892238402:3,0,0 1,2,1 3,4,0 2,4,1 
1063385376:2,0,0 3,2,0 3,4,0 3,3,1 3,2,1 3,3,1 
500691700:1,2,0 3,0,0 3,0,0 3,3,1 2,3,0 
-1604775069:1,1,1 2,4,1 3,1,1 
2083152634:3,0,1 3,0,0 2,2,0 2,3,0 
-1678334083:0,1,1 0,4,0 2,1,1 2,1,1 2,4,1 3,2,0 3,3,1 4,2,0 
1990677339:3,2,0 2,1,0 2,0,0 3,0,0 
-903684121:0,0,1 1,2,1 2,4,0 2,4,1 3,2,0 
-1497159417:0,2,1 2,1,1 3,2,0 3,4,0 2,4,1 
-1569364412:0,2,1 1,3,0 3,0,0 4,2,1 4,3,1 4,2,1 
1138545206:0,2,0 2,3,0 3,0,0 2,3,1 3,3,1 
1226274556:2,1,1 1,1,1 3,2,1 
1885741060:1,1,0 1,3,0 3,0,1 4,2,1 5,3,0 4,2,1 4,2,0 
-1528332057:2,4,1 2,4,1 2,3,1 3,0,0 
-201737886:2,2,0 3,4,1 4,0,0 4,2,1 4,4,1 
-685158855:2,1,0 2,2,1 1,3,1 4,2,0 1,3,1 
2092534338:2,3,0 3,0,0 1,1,0 3,2,0 1,2,0 
1918581916:0,1,1 4,2,0 3,4,0 2,3,0 4,2,0 5,0,0 4,0,1 
871294988:0,2,1 2,0,0 2,2,1 3,4,0 3,2,1 
216984032:3,2,1 4,1,1 4,0,0 5,2,0 5,1,0 5,2,0 
-119017623:3,1,1 4,2,1 3,0,0 5,3,0 5,2,0 4,4,1 
-945900381:0,2,0 2,2,1 2,4,1 3,2,0 
-1060658533:0,3,0 0,2,1 3,1,1 3,3,1 4,2,0 
-1337303505:1,4,0 2,0,0 2,3,1 3,3,0 2,1,0 
1921387083:1,1,1 2,0,0 2,2,0 3,1,0 4,2,1 
-1401147784:0,3,0 2,0,1 2,0,1 2,3,0 3,2,0 
106666689:2,3,1 3,1,1 3,1,1 4,0,0 4,1,1 
300284851:0,0,0 2,0,0 2,4,0 2,3,0 2,2,1 2,1,1 
-164640793:1,2,1 2,0,0 1,1,0 2,3,1 3,2,1 4,4,0 
117074013:0,4,1 1,2,0 2,3,0 4,0,0 
923166783:0,1,1 2,4,0 2,3,0 3,0,0 3,3,1 4,2,0 
-1516920147:1,3,1 3,2,0 3,2,0 4,4,0 4,4,1 5,1,0 3,0,0 
1142355263:0,1,0 1,2,0 2,0,1 3,1,1 3,2,1 
-1582122493:2,1,1 2,1,1 2,1,1 3,0,1 4,1,1 
-1455724924:0,2,0 1,0,0 1,3,1 3,2,1 3,1,1 
-8307847:3,0,0 3,3,0 2,4,1 2,4,1 3,2,0 
1949770532:2,0,0 2,2,1 3,2,1 3,3,1 
-1488316251:1,2,1 2,0,0 2,4,1 3,1,0 4,3,0 
-638766626:0,2,0 1,0,0 3,3,0 3,2,1 4,0,1 4,1,1 
1888642748:1,0,0 1,1,0 1,4,0 3,1,0 3,4,0 3,2,1 
183749127:2,1,1 2,3,0 2,2,0 2,2,1 3,2,1 
-499816444:3,3,0 2,3,1 2,0,1 3,2,0 3,1,0 
82712134:2,0,0 3,4,1 2,4,1 3,4,1 4,2,0 
249990841:1,1,1 2,2,0 2,2,1 2,4,1 
881789790:0,2,0 2,2,1 2,3,1 3,5,1 3,3,1 
347078590:3,3,1 2,2,0 3,1,1 2,1,0 
-17337914:1,2,0 3,2,0 4,0,0 3,2,1 4,3,1 
228446851:2,1,1 4,0,0 4,1,0 3,3,1 4,3,1 
1139351585:2,0,1 2,4,1 0,2,1 3,0,0 3,0,1 3,2,1 
1920215969:2,0,1 4,2,0 4,2,0 
-1714265181:1,3,1 3,1,1 4,2,0 3,3,0 
-1469013318:0,1,0 2,3,0 3,4,1 4,2,1 4,0,0 1,2,1 4,1,1 
382206452:1,4,0 2,4,1 2,1,0 4,3,1 4,4,1 5,1,0 
-1948211649:1,2,1 2,4,0 3,2,1 3,0,0 4,1,0 4,4,0 
1844002303:3,3,0 3,3,1 2,2,1 4,2,0 
-1541462334:0,1,1 3,0,1 3,2,1 4,2,0 
1320665837:2,3,1 3,5,1 4,0,0 3,1,0 3,2,0 2,4,1 3,4,1 
2143302139:0,0,0 3,1,1 4,2,0 3,2,0 
-2144048822:1,1,0 2,3,0 4,0,0 4,1,1 4,1,1 4,3,0 
-1603766887:0,3,1 1,1,0 1,3,1 3,2,0 2,3,1 
332612726:2,0,0 4,2,1 5,0,0 3,2,0 4,1,0 4,1,1 
194580573:1,3,0 2,0,0 2,4,1 3,0,0 
1975886188:2,2,1 4,0,1 4,4,1 4,3,0 3,4,0 5,4,0 
1204765201:4,0,0 4,4,0 2,3,0 3,2,0 3,2,1 5,2,0 
95845973:1,3,0 0,1,1 2,0,0 4,2,0 4,4,0 
-1674424886:0,1,1 1,3,0 2,1,1 2,3,1 3,1,1 4,1,1 
446184701:0,2,0 0,1,0 0,2,1 1,4,1 3,0,0 3,2,1 
373569638:1,2,1 2,3,0 4,0,0 4,4,1 5,3,0 
-1199487074:4,2,0 2,2,1 1,3,1 3,2,1 
-1413735556:0,0,0 2,4,1 2,1,0 3,2,1 
-1212011067:1,0,0 1,2,1 3,3,1 3,3,0 
1033513816:2,3,0 3,1,0 3,2,1 4,1,0 
-1574055933:0,1,1 2,2,0 
-602595778:3,2,1 4,3,0 3,2,1 
887480318:4,3,0 3,3,1 1,1,0 3,2,1 
-1586238023:3,0,0 3,4,1 4,1,0 3,2,1 
2124840535:3,2,1 2,4,1 3,2,1 4,2,0 
-577580202:2,2,0 2,3,0 2,1,1 3,0,0 4,1,0 
965396922:0,0,1 2,3,1 3,1,1 3,3,0 4,2,0 4,3,0 
2002956832:2,3,1 1,0,0 2,2,1 2,2,1 3,3,0 
2001173992:2,2,1 3,2,1 3,1,1 3,0,0 3,1,1 
312573729:1,2,1 2,0,0 1,3,0 2,2,0 
-1402509917:3,2,0 4,0,0 2,0,1 
-1471218080:2,0,1 3,3,0 3,0,0 4,2,1 4,2,1 
-762265061:0,0,1 1,2,1 1,3,1 2,0,0 2,5,1 3,1,0 3,3,1 
-541435226:0,2,1 3,2,1 4,2,0 2,2,1 4,0,0 
-660903994:4,2,1 5,0,0 3,2,1 4,2,1 5,2,0 
281953215:3,0,0 3,1,1 4,4,0 3,3,1 4,1,0 3,2,1 
1310525980:1,1,1 2,2,0 2,0,1 3,1,1 3,4,1 4,2,0 
1198595895:1,2,1 3,2,0 2,1,0 4,1,0 
-698024575:0,3,1 2,2,0 1,3,1 5,0,0 5,3,0 4,2,1 
1713350688:0,0,1 1,2,0 3,2,0 3,2,1 4,1,1 
1188806967:2,2,1 5,2,0 4,1,1 5,1,0 
213264379:0,2,1 1,3,0 2,4,0 3,0,0 2,2,1 
343482722:0,3,1 1,3,1 2,0,0 3,2,1 3,1,1 
1099557925:1,3,0 2,0,0 4,2,1 4,1,1 5,1,0 
328893854:0,0,1 3,2,1 3,1,1 3,0,1 4,3,0 4,2,0 
-2098597833:0,1,1 4,3,0 1,2,1 2,1,1 3,2,1 
-1692693975:3,2,0 3,1,0 4,0,1 4,0,0 
-1406612724:1,4,1 3,0,0 2,1,0 2,4,1 3,3,1 
-604421183:2,2,0 2,1,0 4,0,0 
861747060:2,1,0 3,0,1 3,4,0 2,3,0 3,2,1 1,2,1 4,3,0 
1063332931:3,3,1 2,2,0 2,1,1 5,0,0 4,1,1 
-1499633639:2,0,0 3,2,0 2,3,0 4,2,0 4,4,0 4,3,0 
1073659930:3,0,0 2,1,1 2,2,1 3,1,1 
-1490905671:2,3,1 4,0,0 3,2,1 2,4,1 3,1,1 
2037013088:5,3,0 3,3,1 3,1,1 4,3,1 
-458193847:1,2,0 4,0,0 4,1,0 
1738238373:4,0,0 3,3,1 3,2,1 5,0,0 
-1472067811:2,0,0 4,2,1 3,1,0 5,2,0 4,2,0 
333347678:1,2,1 2,0,0 3,3,0 3,1,1 2,1,0 3,2,0 
-1579162396:2,0,1 2,1,1 2,3,1 2,2,1 2,4,1 
1171699336:2,2,1 1,1,1 2,1,1 3,2,1 
1957560761:1,1,1 3,0,0 2,3,1 3,3,1 
-2063880578:0,2,1 1,1,1 2,3,1 3,4,0 3,3,0 4,1,1 
-512027391:1,2,0 2,2,1 2,4,0 0,3,0 2,3,1 2,1,1 
1980277416:1,2,1 2,2,1 2,3,0 2,1,1 
101687426:2,0,1 2,2,0 5,3,0 5,2,0 4,1,1 5,1,0 5,4,0 4,5,1 
-525177350:1,4,1 2,0,1 3,1,0 4,2,1 4,1,1 
-1690696096:2,5,1 2,3,1 2,1,1 1,1,1 3,2,0 
2023043488:1,2,1 4,3,0 2,1,1 4,2,1 5,3,0 5,1,0 
1516044222:1,2,1 3,0,0 3,3,1 4,4,1 4,3,1 
888435523:1,1,1 2,1,0 2,3,0 3,2,1 
310644102:1,3,0 2,3,1 4,3,0 4,2,1 
665657761:3,0,0 4,4,0 4,2,1 3,2,1 4,1,1 4,3,1 
531728121:2,0,0 4,1,0 4,3,1 3,3,1 4,2,1 
-1176751650:1,0,1 4,3,1 5,0,0 
-509419361:0,0,1 4,1,1 4,4,1 5,5,0 
-775767674:3,5,0 3,4,1 4,1,1 4,7,1 
1743522083:2,2,1 3,0,0 3,2,0 3,0,1 4,2,1 
112149230:1,2,1 3,3,0 3,0,0 1,3,1 
-1651687644:3,0,1 3,3,1 3,2,1 4,3,1 5,1,0 
1697887677:4,1,0 4,1,1 5,2,0 7,2,0 
-1271768706:2,0,1 5,0,1 6,2,0 5,3,1 
-658952342:3,4,1 3,2,0 2,2,0 4,0,0 3,2,1 
-1397754663:3,1,0 4,1,0 4,4,1 5,1,1 
1936823904:5,2,1 6,2,0 4,3,1 5,2,1 
-510990869:3,3,1 2,2,1 3,1,1 
1911192610:2,4,1 2,4,1 1,1,1 2,2,1 
819830476:4,3,1 5,0,0 4,3,1 
1692478:3,1,0 4,0,0 4,0,1 4,1,1 
-662572193:2,3,1 1,0,1 3,3,0 2,2,1 
1446077093:3,5,1 5,4,0 5,2,1 
551520303:1,4,1 1,3,1 4,2,0 3,2,0 
1779694823:2,1,0 3,3,1 5,2,0 3,1,1 4,1,1 
-1748555801:5,0,1 4,1,0 
881902718:1,0,1 2,2,1 4,0,1 4,1,1 5,0,0 
-830255548:3,1,1 3,2,1 4,2,0 
959806719:2,2,1 7,2,0 7,2,0 
-1918610593:7,0,0 7,2,0 6,4,1 7,3,0 
-197009049:5,4,0 5,4,0 5,1,0 5,0,0 6,1,0 
1461966164:2,0,0 1,3,1 4,3,1 4,2,1 
117519105:3,0,0 6,3,1 7,2,0 6,0,1 6,0,0 
-1216985174:0,2,1 6,2,1 6,1,0 7,2,0 
-202099260:4,0,0 5,0,0 5,1,1 6,1,0 
571750556:1,4,1 1,2,1 3,2,0 
998746778:2,5,0 2,4,1 3,4,1 
-1035808388:3,2,1 4,1,1 5,0,1 3,1,1 
-909880710:6,0,0 4,1,1 6,4,1 6,2,1 
1688214029:3,1,0 3,3,1 3,1,1 4,3,1 
1259564994:3,3,0 2,2,1 3,0,0 
907413757:4,1,1 2,4,1 3,1,0 3,5,1 
809740008:2,5,1 3,1,1 2,1,0 4,2,1 
-1463295776:3,0,1 3,1,1 2,1,0 
1025109771:1,6,1 2,6,0 3,5,1 5,2,0 
-1944880859:6,5,0 5,5,0 7,2,0 7,5,0 
-1936201879:4,3,1 4,0,0 
-1070356587:4,3,1 5,0,0 5,0,0 5,4,1 6,4,1 
2002810442:4,4,1 2,2,0 4,4,1 5,2,0 4,1,0 4,2,1 
-1756696766:5,4,0 6,1,0 4,2,1 7,3,0 7,2,0 
2095114434:4,1,0 4,1,0 6,0,1 7,2,1 5,1,1 
-929258651:2,3,1 1,4,1 4,4,0 
-722795806:3,2,0 4,0,1 4,4,1 5,2,0 
-1203957630:3,3,1 5,2,1 4,0,0 6,1,1 
939344317:1,2,1 
1639757350:2,2,1 3,2,0 4,1,1 5,0,0 
939344317:1,2,1 
-2101419651:5,2,0 4,1,0 5,2,1 5,1,0 6,2,0 
-857558236:3,5,0 3,5,1 3,3,1 
1880147780:4,1,0 1,2,1 5,3,1 5,1,1 
1716896607:0,4,1 2,2,1 3,0,0 2,3,1 
-519251521:2,5,1 3,4,1 3,2,1 
1576130208:3,1,0 4,2,1 5,1,0 
1700678331:5,3,0 5,1,0 5,3,1 5,2,1 
-1687425474:3,2,0 1,4,1 2,3,1 3,1,0 
-1846865474:4,6,1 3,4,1 4,7,1 5,1,0 
-1836580646:3,4,0 3,2,1 3,2,1 4,0,1 6,4,0 5,5,0 
-844486107:2,0,0 3,2,0 4,2,0 
183168410:0,3,1 1,1,0 3,1,1 3,4,0 
-1011743014:2,2,1 3,0,0 4,4,0 1,4,1 3,2,1 
-1141034462:4,1,0 4,4,0 6,1,0 5,1,1 6,2,1 7,3,0 
-1372595994:0,0,1 3,3,1 4,3,1 5,0,0 
2024199388:2,5,1 5,3,0 5,2,1 
1591492188:3,2,0 5,2,1 6,2,0 5,4,1 
-688494241:2,1,1 3,2,0 4,3,1 3,2,1 5,1,0 
-1346094373:3,2,0 4,2,0 6,2,0 
69582433:6,2,0 6,1,0 4,2,0 5,3,1 6,2,0 
-3618784:5,0,0 5,1,0 4,1,0 
1084860647:3,0,1 3,3,1 3,1,1 2,0,0 
352368415:6,3,0 3,1,0 5,2,1 5,2,1 
-1592044578:3,0,1 5,2,0 6,1,0 4,1,0 
-629292899:3,0,1 3,0,0 
1695966051:1,4,1 2,2,0 2,4,1 
-2069746359:1,5,1 2,5,1 2,2,1 4,1,0 4,2,1 
-564488449:0,1,1 4,1,0 5,4,1 7,2,1 
-421963768:3,2,1 3,3,1 3,2,1 3,2,1 
-837904931:2,1,1 2,3,1 3,0,0 3,3,0 
922730114:1,4,1 2,2,1 3,4,0 
1548091244:3,3,0 6,3,1 5,3,0 6,0,0 
1242239905:1,4,0 3,5,1 4,7,1 5,2,0 5,5,0 
513970688:0,2,1 2,2,0 1,3,1 2,4,1 
69882653:6,0,0 7,3,0 4,6,1 5,0,0 7,4,0 
1876788353:4,1,0 5,1,0 7,2,0 
913556733:2,1,0 4,1,0 5,0,1 3,1,1 
-1744776002:2,1,0 2,3,1 4,2,0 1,3,1 
-103637700:0,4,1 1,4,1 3,2,0 3,4,0 
-1325641773:2,4,1 3,4,1 3,6,1 4,3,1 4,3,1 5,0,0 
1847351041:3,2,0 4,2,1 2,2,1 4,1,0 
-64580073:3,0,0 4,1,0 5,0,0 
-699504294:5,3,1 6,0,0 4,0,1 5,2,1 
189985159:2,2,1 2,4,1 4,2,1 5,2,0 
1037414695:2,4,1 5,2,0 4,4,1 
913605017:2,1,1 2,2,1 
-847851364:2,1,1 3,0,1 3,3,0 4,2,0 4,5,0 
1865952860:2,0,1 2,4,1 2,2,1 4,1,1 4,2,1 
1638059350:2,1,1 3,2,1 4,3,0 5,1,1 5,2,1 
1415367615:6,3,1 7,0,0 5,0,0 6,1,1 
-706723835:6,1,1 5,1,0 6,2,1 
-2077980696:2,1,0 3,4,0 4,3,1 
145335387:4,1,0 4,4,0 3,3,0 3,2,1 
131374077:1,3,1 4,1,1 6,3,0 5,2,1 
174393757:2,0,1 3,2,1 
-281365539:2,4,1 6,5,1 7,2,0 7,4,0 6,3,0 
480259913:3,3,1 4,7,1 5,3,0 5,2,0 
1671553433:3,1,0 3,3,0 4,2,0 5,2,0 
1889586006:0,2,1 2,3,1 2,2,1 3,1,1 
1065410857:3,3,1 3,0,0 3,3,1 3,2,0 
-1801972894:2,2,1 4,0,1 
1680874421:5,0,0 4,1,0 
-1566868016:1,2,1 4,0,0 3,1,1 4,3,1 
-2023495868:2,1,1 4,0,1 5,2,0 5,1,1 
954299426:3,0,1 4,2,0 5,3,0 3,3,1 4,4,1 
-1974579160:5,3,1 4,4,1 6,6,1 4,6,1 6,5,1 
-2886397:2,1,1 4,1,1 4,2,1 
-1990653:2,1,1 3,2,1 4,2,1 
-1155811421:0,1,1 5,3,0 4,4,1 
1829591746:3,1,0 3,2,0 1,2,1 
-1061749481:2,0,0 3,2,1 
1692530207:2,2,1 3,3,1 4,2,0 
555441604:2,1,1 5,1,0 4,2,1 5,0,0 
-1634054948:0,2,0 1,2,0 
1577728486:4,1,1 4,2,0 4,1,1 
-1060990623:4,3,0 4,1,0 5,2,0 
866420227:1,6,1 2,2,0 4,5,1 3,6,1 4,3,1 
1280927547:2,0,1 4,0,0 5,1,1 
959123078:2,1,1 5,1,0 6,2,1 4,2,1 
149745981:2,3,1 4,1,0 3,2,1 
-1839864609:4,3,0 3,2,1 3,0,1 
838357051:3,0,0 3,1,0 4,5,0 3,3,1 
1110590144:4,0,0 5,3,0 3,4,1 
1946696829:0,5,1 2,1,1 2,5,1 3,3,0 3,2,0 
1462639584:1,0,1 3,2,1 3,4,1 5,1,1 5,2,1 6,2,0 
-733273107:2,6,1 3,3,0 5,2,0 5,3,0 4,5,1 
-898269923:3,4,0 4,3,1 4,6,1 4,5,1 5,2,0 
-1960898578:2,2,0 3,2,0 6,1,0 7,2,0 6,2,1 
-831345247:1,2,1 2,1,1 2,2,1 
1029737737:6,1,1 5,2,0 6,3,1 6,2,1 
1611409500:3,2,0 4,2,0 4,1,0 5,2,1 
-1411196191:2,5,1 3,1,1 3,3,1 4,2,1 4,6,1 
1405195615:2,1,1 2,3,0 4,3,0 3,1,1 
1882749342:3,1,0 3,2,0 3,0,1 
-891252037:2,4,1 3,1,0 3,0,0 3,2,1 
1019277289:4,1,1 4,2,1 5,2,0 
1157134234:3,3,1 5,4,0 4,0,1 5,2,0 
1927367265:4,5,1 6,2,0 5,4,1 4,4,0 
147538809:0,2,1 1,4,1 4,6,1 5,1,0 4,1,0 
-729826177:3,3,0 4,2,0 4,1,0 
-1600714941:1,3,0 0,3,1 1,1,1 
-1751235517:3,2,0 3,2,0 4,0,0 1,3,1 
38499840:2,3,1 4,2,0 3,3,0 
776049699:2,2,0 3,1,1 
2078822574:1,2,1 2,0,1 3,2,0 5,1,0 
-1488486605:6,1,1 4,2,1 7,1,1 
1805181896:1,1,1 3,1,0 
1870921372:4,3,1 4,3,1 
397323378:2,0,1 3,3,1 2,1,1 3,2,0 
1028986428:2,1,0 2,2,1 
-222332707:0,6,1 3,3,0 4,2,0 4,3,1 
1981433026:2,1,1 5,1,1 5,5,1 5,4,1 
1660432583:1,1,1 2,2,1 3,4,0 
1888635580:2,1,1 3,3,1 4,1,1 2,1,1 
115167391:2,2,1 4,1,0 
-600047614:2,2,0 2,2,0 2,1,1 3,2,0 
-681104164:3,0,0 5,0,0 6,3,1 7,1,0 
2017693179:2,2,1 6,2,1 
1702715809:4,1,0 2,2,0 4,4,1 
1604508641:1,4,0 2,3,0 2,2,1 
-852183743:2,3,1 4,3,1 3,1,0 5,0,0 
-771592081:2,1,1 3,3,1 4,4,1 5,0,0 5,2,0 5,1,0 
-1743912095:5,2,0 3,2,1 4,1,1 
1666679624:2,2,0 4,3,0 3,5,1 4,0,1 4,5,1 
108769463:3,0,0 3,2,0 2,4,1 3,3,1 
-9328495:5,1,1 6,1,0 6,1,0 6,1,0 
1283244204:5,2,0 3,3,1 4,3,0 4,2,0 
897121409:1,3,1 1,3,1 2,2,1 3,2,0 
-2143899765:4,1,0 5,1,1 3,1,1 
1399592991:2,0,1 4,3,1 4,8,1 5,4,1 5,7,1 6,4,0 
-1275912935:0,0,1 3,3,1 6,0,1 7,1,1 7,2,1 
173922260:2,2,1 2,6,1 3,2,0 4,8,1 5,5,0 4,3,1 
695925895:2,3,1 4,3,1 4,4,1 
-785130081:3,2,0 4,5,1 5,2,0 
1886072539:2,2,1 3,3,0 2,1,1 
1827713860:4,0,0 3,2,1 
1882174488:2,1,0 4,1,1 4,0,0 4,2,0 
-16758235:4,2,0 3,3,1 4,2,1 
-1899055483:2,7,1 4,5,1 5,1,1 6,3,0 6,6,0 
943934053:1,2,1 2,1,1 
1964220798:4,2,0 3,4,1 3,3,1 
-685343778:2,2,1 2,3,1 3,3,1 4,0,0 
-1873539864:2,4,1 3,6,1 3,6,0 3,5,1 3,2,1 
599833758:3,0,0 3,6,1 1,5,1 1,6,1 3,3,1 
-1632197474:3,2,1 3,0,1 3,4,1 4,2,0 
1836400158:1,3,1 3,4,1 
-1529592511:0,3,1 2,0,0 3,1,0 4,5,0 4,4,0 
-636768100:1,2,1 3,0,0 3,2,0 5,2,0 
1138744703:2,2,1 2,4,1 3,3,1 5,2,0 
-1074787744:1,1,1 4,2,1 6,1,0 
1409742091:5,1,0 6,1,1 6,1,0 
518904866:7,2,0 6,3,1 9,4,0 8,1,1 8,2,1 9,2,0 
1805940735:0,1,1 3,0,1 4,2,1 5,1,1 
843794945:3,2,1 3,0,1 4,1,1 4,5,1 2,4,1 5,2,0 
1791557568:2,2,0 2,2,1 4,4,0 4,0,0 
-64728093:2,1,1 3,0,0 3,2,1 5,1,0 
1682588038:3,1,0 4,1,1 5,0,0 5,2,0 
-154309724:4,0,0 3,2,1 4,2,1 
1624992129:0,2,1 3,0,0 4,5,0 3,3,1 2,2,1 3,2,1 
934342423:0,3,1 4,0,1 4,5,1 4,2,0 5,2,0 
-44413793:6,1,0 4,2,1 6,0,0 7,1,0 
-1378117019:2,3,0 4,4,0 3,3,0 3,1,1 
740990371:5,2,1 3,2,1 3,1,1 5,1,1 
-107033733:0,1,1 4,2,0 2,3,1 4,4,0 
913704436:1,1,1 3,4,1 3,3,1 3,3,1 
760125628:3,3,1 4,0,0 4,3,0 4,5,0 4,6,0 
1409922749:4,3,1 0,1,1 4,2,1 
-943239870:1,1,0 4,0,0 4,2,1 
915424161:2,1,1 2,3,1 
716976161:1,4,0 3,3,0 3,2,0 
1214384534:2,2,1 2,3,1 4,1,1 
1891198109:1,6,1 2,5,1 3,3,0 4,2,0 4,3,0 
-1779864576:2,1,1 3,0,0 3,2,0 
-1512689820:2,3,0 3,1,0 3,2,0 3,3,0 2,5,1 
-1411152935:1,2,1 3,2,1 3,1,1 3,2,1 
1652985347:2,0,0 3,1,1 4,1,0 
1845756129:1,0,1 3,0,0 5,1,1 6,2,0 5,1,0 
-1480886309:2,2,1 3,4,1 6,2,0 5,1,1 6,2,0 
-1842875650:3,0,0 2,1,1 3,2,0 3,3,1 5,2,0 
-1017084474:3,3,1 3,4,0 3,4,1 4,2,0 
114844743:5,1,0 4,5,1 3,3,0 3,4,0 
1489233103:0,0,1 2,2,0 2,1,1 3,1,1 4,3,0 
-1013722306:3,2,0 4,4,0 3,2,1 4,3,0 4,1,1 7,0,0 
216154392:3,3,1 4,1,0 4,2,1 5,1,1 
1682947167:5,1,1 5,1,0 5,1,1 
1843068266:3,0,0 3,0,1 3,1,1 3,2,1 5,1,1 5,1,1 
34738965:3,3,0 4,3,1 5,3,0 5,2,1 
-597992286:0,4,1 3,2,1 3,0,1 3,4,1 
730577531:4,0,0 5,1,1 5,0,0 5,1,0 
-168798172:1,3,1 3,6,1 4,2,0 
1618739859:3,3,0 4,0,0 5,5,0 4,3,1 5,2,0 5,1,0 
-1631394967:3,0,0 5,1,0 4,1,1 4,2,1 
168368893:5,0,0 4,2,0 3,2,1 4,1,0 
1858367001:2,1,1 1,2,1 2,2,1 
-597528069:2,0,1 4,2,0 4,2,1 5,0,0 5,4,0 5,2,1 
1767966563:4,1,0 5,3,0 5,2,0 6,0,0 7,5,1 
-787514016:1,0,1 2,2,0 2,2,1 
-776138281:6,3,0 6,0,0 2,2,1 
1513895711:5,0,0 5,1,1 2,5,1 5,3,1 6,1,0 
709974686:5,1,0 5,1,0 6,0,0 
1606418239:2,2,0 3,2,1 
1663672639:2,2,1 3,2,1 
-798433965:2,2,1 4,1,1 5,1,1 
127925348:2,1,1 3,1,1 7,1,0 
1196370184:6,1,0 5,2,1 
25771704:2,1,1 3,2,1 
-1705878210:4,3,1 3,2,0 5,2,0 
442299428:1,4,1 5,2,1 6,4,1 
578345055:4,1,0 5,2,1 5,1,1 
722638376:0,4,1 3,1,1 3,2,1 
-724354597:1,0,1 3,1,1 
1094456982:4,1,0 4,2,1 5,2,1 
-94255844:2,0,0 3,0,0 5,2,1 
-769446563:3,1,1 
-921876282:2,1,1 3,3,0 3,2,1 
-66613831:2,0,0 3,3,1 3,1,0 3,3,1 
-1312730718:2,3,1 4,3,1 
1874871231:2,3,1 4,4,1 6,2,1 
-639421821:2,5,1 4,5,1 6,4,1 6,2,0 
495448484:6,0,0 4,0,0 5,2,1 6,2,1 
1043718643:7,2,0 8,0,1 8,3,1 8,4,0 6,2,1 
1733814302:4,4,0 5,2,0 
1702265152:3,3,1 6,0,0 4,1,0 
1355560645:6,2,1 7,3,0 
-205883871:7,2,0 7,1,0 6,1,0 
-108333250:1,2,0 3,0,1 3,1,1 3,4,1 5,4,1 
-1139334052:2,4,1 7,2,0 4,2,1 
178873310:2,3,1 4,3,0 5,2,0 6,2,0 6,0,0 
483623810:6,0,1 6,2,0 7,2,0 8,3,1 8,3,1 
1721416378:4,3,1 6,1,0 8,4,1 
1254899860:1,0,1 3,3,1 1,1,1 5,2,1 3,1,1 
891727735:1,3,1 4,2,0 4,0,1 5,1,1 
-963611643:3,2,1 3,4,1 1,4,1 3,2,1 
-2859397:3,2,1 4,1,1 
1658328580:3,4,1 5,2,1 5,1,1 
-256966657:2,2,1 4,2,1 
1554153056:2,2,0 6,1,0 5,2,1 
-725306978:2,0,1 3,2,0 4,2,0 
-628429019:0,0,1 2,2,1 
-816345377:7,2,1 7,0,1 5,2,0 7,1,1 8,2,0 
1652096222:0,1,1 4,1,1 
-404034343:1,2,1 4,5,1 6,1,1 7,1,1 8,3,0 8,2,0 
1624124010:5,0,0 4,0,1 6,6,1 7,2,1 5,4,1 4,4,1 7,6,1 9,6,0 10,5,0 10,4,1 10,2,1 
-524385081:5,0,0 5,0,0 6,1,1 7,2,0 
444808894:2,1,1 7,1,0 6,1,1 7,2,1 
-1118734226:6,3,1 3,3,1 6,1,1 
-915845349:2,2,0 5,0,0 
1600601087:2,0,0 2,1,1 4,2,1 
898851479:2,2,1 7,2,0 
1751323289:1,2,1 7,2,1 8,0,0 
1017763:1,0,0 
2040954472:2,0,0 2,1,1 3,1,0 3,2,1 4,2,0 4,3,0 
30691552:0,1,0 0,0,0 
-643474239:4,0,0 3,3,1 
-1351558855:1,2,1 2,0,0 1,0,1 4,2,1 4,3,0 4,4,1 4,2,1 
-1633098749:3,2,0 2,2,0 
-623539420:3,0,0 2,0,0 2,1,1 
1552385137:3,0,0 3,1,1 5,0,0 8,0,0 8,0,1 9,0,0 
29617092:0,1,1 
1154834030:2,2,0 2,1,1 2,3,0 2,7,1 2,6,1 3,5,0 3,4,0 
1453798138:1,1,1 2,5,1 5,5,1 4,1,1 
512384285:2,2,1 3,2,1 3,4,1 3,6,1 
-2111019323:5,2,1 4,4,1 5,2,1 5,2,1 5,2,1 8,0,0 8,3,0 
858391922:1,2,0 1,1,0 3,2,1 4,2,1 
1041732072:4,1,0 4,0,0 4,1,0 4,0,0 
-991257000:1,0,0 1,6,1 1,2,0 2,1,0 2,6,1 4,2,0 4,5,0 4,3,1 
2121319328:3,0,0 3,1,0 
-1349215835:1,0,0 3,1,0 
1257765627:4,2,0 2,3,1 3,0,0 
-540273387:0,0,1 1,2,0 0,3,1 2,1,1 
949500739:0,0,0 2,0,0 
1802791554:4,0,0 4,3,0 4,2,1 
448914233:2,0,0 2,3,1 3,1,0 3,3,1 4,2,0 
-1325027442:3,3,0 3,4,0 3,5,0 3,6,0 3,7,0 3,6,0 3,5,0 3,4,0 3,3,0 3,2,0 
-51655061:0,2,1 0,6,1 1,2,1 1,4,0 2,4,1 
-1602532224:2,0,0 2,1,0 
-717056220:2,0,0 2,3,0 
722679174:3,2,0 3,3,0 3,4,0 3,5,1 
-5691653:2,1,1 
-964229726:4,2,0 3,3,0 4,2,1 
1086058149:5,2,0 5,1,0 5,0,0 5,3,0 5,4,0 5,5,0 
-1652314984:3,2,1 
-525035513:1,2,1 2,2,0 2,3,1 3,2,1 3,2,0 
1233849008:2,1,0 3,2,1 3,3,1 3,1,0 4,3,0 
-1160207083:1,0,0 1,4,0 2,2,0 
-1420180991:0,2,1 1,0,0 1,1,1 2,3,0 4,0,0 4,3,0 
-1116817334:8,0,0 7,1,0 6,2,0 6,1,0 6,0,0 7,0,0 
377056562:2,2,0 4,4,1 5,2,1 5,2,0 5,3,0 5,4,0 5,5,0 
1626095356:5,3,0 4,2,0 10,3,0 11,3,0 
-1521957713:6,2,1 6,1,0 5,2,1 5,2,0 6,2,1 5,3,0 
